14
[A4]
10,1654,2338,1600,2200,27,20,27,1600,27,200,210,297
[RollA4]
11,1654,2338,1600,2205,27,86,27,1600,27,200,210,297
[PerfA4]
12,1654,2338,1600,2118,27,86,27,1600,27,200,210,297
[RetractA4]
13,1654,2338,1600,2200,27,20,27,1600,27,200,210,297
[Letter]
10,1700,2200,1632,2133,34,20,34,1632,34,204,216,279
[RollLetter]
11,1700,2200,1632,2067,34,86,34,1632,34,204,216,279
[PerfLetter]
12,1700,2200,1632,1980,34,86,34,1632,34,204,216,279
[RetractLetter]
13,1700,2200,1632,2133,34,20,34,1632,34,204,216,279
[Legal]
10,1700,2800,1632,2733,34,20,34,1632,34,204,216,356
[RollLegal]
11,1700,2800,1632,2667,34,86,34,1632,34,204,216,356
[PerfLegal]
12,1700,2800,1632,2580,34,86,34,1632,34,204,216,356
[RetractLegal]
13,1700,2800,1632,2733,34,20,34,1632,34,204,216,356
[ContinuousLetter]
14,1700,2800,1632,2800,34,0,34,1632,34,204,216,356
[A5]
10,1166,1654,1112,1528,27,20,27,1112,27,139,148,210
